% Range of velocity values
velocity = [0     2     4     6     8    10    12    14    16    18    20    22    24    26    28    30];

% HANNAH'S VALUES

Power_wing_hannah = [0    1.3759    4.9392   12.1451   21.4502   36.3825   57.1536...
     81.6820  117.4118  160.7445  211.6800  270.0067  350.5421 426.3059  532.4458  625.1175];

Power_body_hannah = [0    0.0092    0.0685   0.2164   0.4808   0.8926   1.4973...
     2.3507  3.5084  5.0006  6.8584  9.1275  11.8505 15.0671  18.8181  23.1450];

Power_hannah = [0    1.3851    5.0077   12.3616   21.9311   37.2751   58.6509...
     84.0327  120.9202  165.7451  218.5384  279.1341  362.3926 441.3729  551.2638  648.2625];
